alpha <-
5
beta <-
3
logsigma <-
0.693147180559945
