alpha <-
1
beta <-
-1
logsigma <-
-0.693147180559945
